1.09672546387e-05 0.000287055969238
1.38282775879e-05 8.79764556885e-05
3.40938568115e-05 9.48905944824e-05
9.60826873779e-05 0.000127077102661
0.000265121459961 0.000210046768188
0.000667095184326 0.000392913818359
0.00162792205811 0.000831127166748
0.0042200088501 0.00184893608093
0.0115821361542 0.00405693054199
0.0237398147583 0.0106468200684
0.0558581352234 0.0220098495483
0.128662824631 0.0463199615479
0.266222000122 0.0985651016235
0.601581096649 0.215972185135
1.15952086449 0.57979798317
