2.90870666504e-05 0.000251054763794
2.09808349609e-05 7.70092010498e-05
2.47955322266e-05 5.50746917725e-05
4.19616699219e-05 6.38961791992e-05
6.89029693604e-05 7.70092010498e-05
0.000150918960571 0.000113010406494
0.000378131866455 0.000208854675293
0.00105619430542 0.00047492980957
0.00416493415833 0.00163292884827
0.0143060684204 0.00542998313904
0.0536141395569 0.0340800285339
0.202702999115 0.0789239406586
0.769358873367 0.326247930527
2.72460484505 1.24061107635
10.6933979988 4.62627983093
