8.82148742676e-06 0.000260829925537
8.82148742676e-06 6.98566436768e-05
1.90734863281e-05 6.50882720947e-05
4.41074371338e-05 7.89165496826e-05
9.82284545898e-05 0.000118017196655
0.000226020812988 0.000187873840332
0.00049090385437 0.000343799591064
0.00108814239502 0.000705003738403
0.00238299369812 0.00143694877625
0.00517797470093 0.00300312042236
0.0111501216888 0.00634098052979
0.0248022079468 0.0140109062195
0.0524129867554 0.0299170017242
0.1423869133 0.0618240833282
0.236198186874 0.136312007904
