8.82148742676e-06 0.00132322311401
9.05990600586e-06 0.000118017196655
1.90734863281e-05 0.000144958496094
4.29153442383e-05 0.000198125839233
9.70363616943e-05 0.000291109085083
0.000220060348511 0.000518083572388
0.000484943389893 0.00099515914917
0.00105404853821 0.00203490257263
0.00231504440308 0.00422596931458
0.00529980659485 0.0107069015503
0.011862039566 0.0105140209198
0.0247662067413 0.00874400138855
0.0518112182617 0.0188870429993
0.107871055603 0.0474460124969
0.23243689537 0.0797271728516
