9.05990600586e-06 0.00115990638733
2.86102294922e-06 9.79900360107e-05
3.09944152832e-06 0.000101089477539
5.00679016113e-06 0.000113010406494
6.91413879395e-06 0.000145196914673
1.59740447998e-05 0.000213861465454
3.31401824951e-05 0.000367879867554
7.00950622559e-05 0.00067400932312
0.000158071517944 0.00183987617493
0.000347137451172 0.0024688243866
0.000759840011597 0.00481700897217
0.00165796279907 0.00971698760986
0.00362682342529 0.0128970146179
0.00798201560974 0.0072820186615
0.0175979137421 0.0326859951019
