5.00679016113e-06 0.00025486946106
3.09944152832e-06 6.79492950439e-05
2.86102294922e-06 5.81741333008e-05
4.05311584473e-06 6.50882720947e-05
8.10623168945e-06 6.69956207275e-05
1.50203704834e-05 8.08238983154e-05
3.2901763916e-05 0.000109195709229
7.39097595215e-05 0.000173807144165
0.000156879425049 0.000270128250122
0.00034499168396 0.000478029251099
0.000771045684814 0.000904083251953
0.00166702270508 0.00179195404053
0.00394082069397 0.00479316711426
0.00896501541138 0.00787806510925
0.0177230834961 0.0338230133057
